зависимость тока от ускоряющего напряжения
4 В запирающее напряжение
Напряжение В, ток мА
0.05 1.85
6.84 42.50
13.25 85.20
17.15 109.20
18.86 115.30
20.66 110.75
22.23 96.00
22.94 72.82
23.63 67.02
24.46 69.10
26.39 89.13
30.12 129.15
33.25 160.80
34.91 176.14
37.13 186.57
39.27 183.75
40.58 173.70
43.63 160.00
45.20 159.14
46.43 162.28
51.46 183.80

6 В запирающее напряжение
Напряжение В, ток мА
2.17 2.42
8.39 41.65
17.64 103.50
18.67 107.97
19.67 109.52
20.94 105.98
22.72 74.85
23.35 50.73
24.44 38.54
25.00 37.3
26.00 40.88
29.38 80.98
33.63 128.40
35.61 147.96
37.73 154.17
39.15 153.25
40.78 141.54
44.15 122.17
46.77 115.84
48.98 118.90
52.19 131.30

8 В запирающее напряжение
Напряжение В, ток мА
4.17 2.64
12.13 55.34
17.83 92.70
18.76 97.20
20.19 99.60
22.12 93.66
23.29 53.00
24.32 26.68
24.96 18.78
25.67 15.09
26.82 16.92
29.38 39.88
34.67 102.80
36.18 116.87
38.56 122.01
39.91 118.43
43.68 95.96
46.83 80.42
48.81 76.28
50.61 78.20
62.48 120.10
69.08 114.98
71.65 112.78
78.12 116.94

